text = """
0 0 0 0 0 1 1 0 0 0 0 0 0 0 0 0 0 0 1 1 0 0 0 0 0
0 0 0 0 0 1 1 0 0 0 0 0 0 0 0 0 0 0 1 1 0 0 0 0 0
0 0 0 0 0 1 1 0 1 1 1 1 1 1 1 1 1 0 1 1 0 0 0 0 0
0 0 0 0 0 1 1 1 3 3 3 3 3 3 3 3 3 1 1 1 0 0 0 0 0
0 0 0 0 0 1 3 3 3 3 3 3 3 3 3 3 3 3 3 1 0 0 0 0 0 
0 0 0 0 0 1 3 3 3 3 3 3 3 3 3 3 3 3 3 1 0 0 0 0 0 
0 0 0 0 0 1 3 3 3 3 3 3 3 3 3 3 3 3 3 1 0 0 0 0 0 
0 0 0 0 0 1 3 3 2 3 3 3 3 3 3 3 2 3 3 1 0 0 0 0 0 
0 0 0 0 0 1 3 3 2 2 2 3 3 3 2 2 2 3 3 1 0 0 0 0 0 
0 0 0 0 0 1 3 3 2 2 2 3 3 3 2 2 2 3 3 1 0 0 0 0 0 
0 0 0 0 0 1 3 3 3 3 3 3 3 3 3 3 3 3 3 1 0 0 0 0 0 
0 0 0 0 0 1 3 3 3 3 3 3 3 3 3 3 3 3 3 1 0 0 0 0 0 
0 0 0 0 0 1 3 3 1 1 1 1 1 1 1 1 1 3 3 1 0 0 0 0 0 
0 0 0 0 0 0 1 3 1 4 4 4 4 4 4 4 1 3 1 0 0 0 0 0 0 
0 0 0 0 0 0 1 3 1 4 4 1 1 1 4 4 1 3 1 0 0 0 0 0 0 
0 0 0 0 1 1 3 1 1 4 4 4 4 4 4 4 1 1 3 1 1 0 0 0 0 
0 0 0 1 3 3 1 5 1 1 4 4 4 4 4 1 1 5 1 3 3 1 0 0 0 
0 0 1 3 3 1 5 5 5 5 1 1 1 1 1 5 5 5 5 1 3 3 1 0 0 
0 1 3 3 1 5 5 5 5 1 5 5 5 5 5 1 5 5 5 5 1 3 3 1 0 
1 3 3 1 5 5 5 5 1 1 5 1 5 1 5 1 1 5 5 5 5 1 3 3 1 
1 3 1 5 5 5 1 5 1 1 1 1 1 1 1 1 1 5 1 5 5 5 1 3 1 
1 3 1 5 5 5 1 5 1 1 5 5 1 5 5 1 1 5 1 5 5 5 1 3 1 
1 3 1 1 1 1 1 5 5 1 5 5 5 5 5 1 5 5 1 1 1 1 1 3 1 
1 3 1 3 3 3 1 5 5 5 5 5 5 5 5 5 5 5 1 3 3 3 1 3 1 
1 3 1 3 3 3 1 6 6 6 1 6 6 6 1 6 6 6 1 3 3 3 1 3 1 
1 3 1 3 3 3 1 6 6 6 1 6 6 6 1 6 6 6 1 3 3 3 1 3 1 
1 3 3 1 3 3 1 1 1 1 1 1 1 1 1 1 1 1 1 3 3 1 3 3 1 
1 3 3 3 1 1 1 5 1 3 3 3 3 3 3 3 1 5 1 1 1 3 3 3 1 
1 3 3 3 3 3 1 5 5 1 3 3 3 3 3 1 5 5 1 3 3 3 3 3 1 
1 3 3 3 3 3 1 5 5 5 1 3 3 3 1 5 5 5 1 3 3 3 3 3 1 
1 3 3 3 3 3 1 5 5 5 5 1 3 1 5 5 5 5 1 3 3 3 3 3 1 
1 3 3 3 1 3 1 1 1 1 1 1 1 1 1 1 1 1 1 3 1 3 3 3 1 
1 3 1 1 0 1 1 3 3 3 3 1 0 1 3 3 3 3 1 1 0 1 1 3 1 
1 1 0 0 0 0 1 3 3 3 3 1 0 1 3 3 3 3 1 0 0 0 0 1 1 
0 0 0 0 0 1 3 3 3 3 3 1 0 1 3 3 3 3 3 1 0 0 0 0 0 
0 0 0 0 0 1 1 1 1 1 1 1 0 1 1 1 1 1 1 1 0 0 0 0 0
"""

colors = [
    "#221D23",
    "#F9FBF8",
    "#342F3C",
    "#E9BB88",
    "#6C696A",
    "#D4BE38",
]
