text = """
0 0 0 0 0 0 0 0 0 0 0 0 1 0 0 0 0 0 1 0 0
0 0 0 0 0 0 0 0 0 0 0 1 3 1 0 0 0 1 3 1 0
0 0 0 0 0 0 0 0 0 0 0 1 5 3 1 1 1 3 5 1 0
0 1 1 1 0 0 0 0 0 0 1 1 3 3 3 3 3 3 3 1 1
0 1 3 1 0 0 0 0 0 0 1 3 3 3 3 3 3 3 3 3 1
1 3 1 1 0 1 1 1 1 1 1 3 3 1 3 3 3 1 3 3 1
1 3 1 0 1 1 3 3 3 3 1 3 3 3 3 3 3 3 3 3 1
1 3 1 0 1 3 3 3 3 3 1 3 3 4 3 5 3 4 3 3 1
1 3 1 1 1 3 3 3 3 3 1 3 3 3 4 3 4 3 3 3 1
1 1 3 3 3 3 3 3 3 3 3 1 3 3 3 3 3 3 3 1 0
0 1 1 1 3 3 3 3 3 3 3 3 1 1 1 1 1 1 1 0 0
0 0 0 1 3 3 3 3 3 3 3 3 3 3 3 3 3 3 1 0 0
0 0 0 1 1 3 3 3 1 4 4 4 1 3 3 3 3 3 1 0 0
0 0 0 0 1 1 3 3 3 1 4 1 3 3 1 3 3 1 0 0 0
0 0 0 0 0 1 1 3 3 1 4 1 3 1 1 3 1 0 0 0 0
0 0 0 0 0 0 1 1 3 5 1 1 5 1 1 5 1 0 0 0 0
0 0 0 0 0 0 0 1 1 1 1 1 1 1 1 1 1 0 0 0 0
"""

colors = [
    "#555555",  # color 1
    "#d3d3d3",  # color 2
    "#ffffff",  # color 3
    "#aaaaaa",  # color 4
    "#ff9999",  # color 5
]
